      0/54     12.8G   0.03604    0.2529         0    0.2889        19       640   0.04946   0.03419   0.00595  0.001898   0.03685  0.004025         0
      1/54     12.5G   0.02545  0.001799         0   0.02725        19       640    0.3473     0.484    0.3314    0.1412   0.02462  0.003212         0
      2/54       14G   0.01742  0.001594         0   0.01901        18       640    0.6718    0.5404      0.61    0.2602   0.01777  0.003208         0
      3/54       14G   0.01608  0.001571         0   0.01765        19       640    0.6818    0.6258    0.6334    0.2915   0.01689   0.00313         0
      4/54       14G   0.01589  0.001526         0   0.01741        34       640    0.8595     0.622     0.717    0.2553   0.01773  0.002797         0
      5/54       14G   0.01446  0.001479         0   0.01594        22       640    0.8078    0.6676    0.7324    0.3861   0.01452  0.002697         0
      6/54       14G   0.01437  0.001406         0   0.01577        13       640    0.8485    0.7179    0.7909    0.4015   0.01357  0.002413         0
      7/54       14G   0.01375   0.00142         0   0.01517        18       640    0.8909    0.7227    0.8083    0.4259   0.01301  0.002336         0
      8/54       14G   0.01327   0.00136         0   0.01463        23       640    0.8582    0.7587     0.819    0.4576   0.01179  0.002268         0
      9/54       14G   0.01278   0.00139         0   0.01417        18       640    0.8601    0.7529     0.826    0.4277   0.01278  0.002315         0
     10/54       14G   0.01247  0.001312         0   0.01378        27       640    0.8972     0.773     0.852    0.4709   0.01212  0.002192         0
     11/54       14G   0.01248  0.001307         0   0.01379        18       640    0.9145    0.7322     0.829    0.4669   0.01177  0.002305         0
     12/54       14G   0.01206  0.001266         0   0.01333        20       640    0.9036      0.81    0.8594    0.4931    0.0114  0.002067         0
     13/54       14G     0.012  0.001237         0   0.01323        14       640    0.9384    0.7957    0.8707     0.491   0.01122  0.002093         0
     14/54       14G   0.01189  0.001229         0   0.01312        27       640    0.9171    0.7987     0.867    0.4951   0.01121   0.00215         0
     15/54       14G   0.01158  0.001256         0   0.01284        28       640    0.9123     0.792    0.8633    0.5007   0.01091   0.00208         0
     16/54       14G   0.01175  0.001254         0   0.01301        23       640    0.9131    0.8015    0.8749    0.5121    0.0108  0.002074         0
     17/54       14G   0.01186  0.001287         0   0.01315        18       640     0.938    0.8063    0.8817    0.4972     0.011  0.002076         0
     18/54       14G   0.01159  0.001233         0   0.01282        30       640    0.9125    0.7939    0.8562    0.4771   0.01111  0.002226         0
     19/54       14G   0.01161  0.001205         0   0.01281        32       640    0.8981    0.8376    0.8898    0.5221   0.01041   0.00205         0
     20/54       14G   0.01186  0.001196         0   0.01306        20       640    0.9368    0.8307    0.8882     0.526   0.01037  0.001975         0
     21/54       14G   0.01145  0.001192         0   0.01264        24       640     0.926    0.8202    0.8887    0.5168   0.01044  0.002007         0
     22/54       14G   0.01115  0.001189         0   0.01234        25       640    0.9503    0.8164     0.892    0.5204   0.01064  0.001949         0
     23/54       14G   0.01114  0.001176         0   0.01231        35       640    0.9318    0.8431     0.898     0.504   0.01066  0.001977         0
     24/54       14G   0.01117  0.001168         0   0.01233        26       640    0.9262     0.846    0.9004    0.5194   0.01055  0.002001         0
     25/54       14G   0.01125  0.001203         0   0.01246        19       640     0.923    0.8309    0.8911    0.5197   0.01023  0.002034         0
     26/54       14G   0.01111   0.00117         0   0.01228        24       640    0.9593    0.8281    0.9069    0.5395   0.01014  0.001919         0
     27/54       14G   0.01107   0.00112         0   0.01219        23       640    0.9396     0.827    0.8979    0.5291   0.01015  0.001916         0
     28/54       14G   0.01067  0.001178         0   0.01185        21       640    0.9435    0.8566    0.9112    0.5363   0.01012  0.001927         0
     29/54       14G    0.0108  0.001108         0    0.0119        24       640     0.947     0.849    0.9059    0.5313  0.009969  0.001934         0
     30/54       14G   0.01108  0.001114         0    0.0122        22       640    0.9381    0.8495    0.9138    0.5438   0.01005  0.001863         0
     31/54       14G   0.01095  0.001219         0   0.01217        22       640    0.9191     0.793    0.8739    0.5014    0.0108  0.002121         0
     32/54       14G   0.01174  0.001184         0   0.01292        28       640    0.9159    0.8481    0.9009    0.5272   0.01009  0.001947         0
     33/54       14G    0.0102  0.001121         0   0.01133        20       640    0.9465    0.8404    0.9122    0.5426  0.009894  0.001883         0
     34/54       14G   0.01031  0.001187         0    0.0115        25       640    0.9369    0.8602    0.9071    0.5303   0.01006   0.00191         0
     35/54       14G   0.01034  0.001103         0   0.01144        28       640    0.9416    0.8574    0.9125    0.5452  0.009871  0.001882         0
     36/54       14G  0.009823  0.001118         0   0.01094        35       640    0.9616    0.8575    0.9288    0.5601  0.009621    0.0018         0
     37/54       14G   0.01025   0.00108         0   0.01133        20       640    0.9528    0.8632    0.9264    0.5509  0.009713  0.001831         0
     38/54       14G   0.01012  0.001095         0   0.01122        30       640    0.9302    0.8908    0.9269    0.5598   0.00964  0.001783         0
     39/54       14G   0.01131  0.001055         0   0.01236        25       640    0.9454    0.8737    0.9266    0.5621  0.009507  0.001774         0
     40/54       14G   0.01021  0.001056         0   0.01126        24       640    0.9557    0.8812    0.9331    0.5604  0.009485  0.001767         0
     41/54       14G   0.01027  0.001037         0   0.01131        20       640    0.9487    0.8813    0.9338    0.5652  0.009419  0.001783         0
     42/54       14G   0.01055  0.001018         0   0.01156        30       640    0.9476    0.8775    0.9294    0.5566  0.009597  0.001782         0
     43/54       14G   0.01091  0.001051         0   0.01196        17       640    0.9606    0.8803    0.9389    0.5684  0.009423   0.00174         0
     44/54       14G   0.01013  0.001009         0   0.01114        23       640     0.937     0.904    0.9398    0.5715  0.009261  0.001726         0
     45/54       14G   0.01038  0.001013         0   0.01139        27       640    0.9405    0.9031    0.9426    0.5773  0.009254  0.001684         0
     46/54       14G  0.009587 0.0009928         0   0.01058        15       640    0.9364    0.9088    0.9435    0.5737  0.009259  0.001694         0
     47/54       14G  0.009969  0.001034         0     0.011        30       640    0.9534    0.8955    0.9432    0.5648  0.009331  0.001696         0
     48/54       14G    0.0096 0.0009809         0   0.01058        17       640    0.9514    0.8927    0.9424    0.5761  0.009192  0.001665         0
     49/54       14G  0.009431   0.00101         0   0.01044        22       640    0.9465    0.9068    0.9431    0.5815  0.009209  0.001651         0
     50/54       14G  0.009166 0.0009808         0   0.01015        23       640    0.9521     0.906    0.9454    0.5769  0.009201  0.001638         0
     51/54       14G  0.009325  0.000954         0   0.01028        14       640    0.9621    0.8927    0.9446    0.5776  0.009262  0.001664         0
     52/54       14G   0.01003  0.001037         0   0.01107        21       640    0.9487    0.8794    0.9296    0.5544  0.009785  0.001848         0
     53/54       14G   0.01024  0.001056         0    0.0113        18       640    0.9455    0.8897    0.9407    0.5669  0.009413  0.001696         0
     54/54       14G  0.009323   0.00101         0   0.01033        18       640    0.9542    0.8907    0.9418    0.5764  0.009268  0.001679         0
